# Created by Octave 6.4.0, Tue Sep 02 23:45:06 2025 -05 <jntorresr@OMEN-HP-Laptop-16-c0xxx>
# name: angHOH
# type: matrix
# rows: 1
# columns: 14
 83.583846400923221 83.583846400923221 103.78985493433456 99.916213275535881 78.338730661729741 73.77813986136556 92.524512379239113 85.362617465533702 86.84931667135406 93.318560964440763 104.14138247467164 103.73637333683979 103.65123244903673 103.65123244903673


# name: distOH1
# type: matrix
# rows: 1
# columns: 14
 0.94999998429479648 0.94999998429479648 1.0665085154968661 1.1226253311763541 0.82975283369795738 0.96524362797133656 1.0120895588121794 0.984533198006179 0.98135800096632508 0.97700280084333935 0.96945445011120379 0.96862976625907959 0.96873908644151907 0.96873908644151907


# name: distOH2
# type: matrix
# rows: 1
# columns: 14
 1.8777994387747257 1.8777994387747257 1.7265609986163974 1.4090546496538978 1.176333698271445 1.1109856297418523 1.1282180076555188 1.0220471580375456 0.96533382285162284 1.0139598933237095 0.97236657675033566 0.96847148587494047 0.96874142012109821 0.96874142012109821


# name: energias
# type: matrix
# rows: 1
# columns: 25
 -76.248246526068996 -76.259547248214005 -76.266270325617995 -76.292693405918996 -76.321373044615001 -76.354818048767001 -76.342029821918999 -76.373825556111001 -76.373347217271998 -76.385001607313995 -76.389850538277003 -76.398004842632005 -76.398004842632005 -76.400647544668004 -76.400647544668004 -76.403163977130006 -76.404760226872 -76.407380249808 -76.408933470598001 -76.408954297769995 -76.408954297769995 -76.408954526038997 -76.408954526038997 -76.408954535725996 -76.408953941974005


# name: grad_norm
# type: matrix
# rows: 1
# columns: 12
 0.12059960861876791 0.13812229983243113 0.18407276312914955 0.34640793166727574 0.14682033861832633 0.13958571144999046 0.08916960158035922 0.059132041145220075 0.064980253138934449 0.0048511078116240617 0.00048408676908174225 9.7979589711327135e-06


