# Created by Octave 6.4.0, Tue Sep 02 23:23:25 2025 -05 <jntorresr@OMEN-HP-Laptop-16-c0xxx>
# name: angHOH
# type: matrix
# rows: 13
# columns: 1
 83.583846400923221
 83.583846400923221
 104.82086899947743
 103.8230660540934
 89.586267751324726
 86.472430624301523
 90.91699117542926
 103.58730378559291
 103.22886476875304
 103.78924877158622
 103.68898680199833
 103.6413384579229
 103.6413384579229


# name: coordenadas
# type: matrix
# rows: 13
# columns: 9
 -0.094772140000000005 0.84947242000000001 -0.091295299999999996 0.19822097 0.093807459999999995 -1.6795752500000001 0 0 0
 -0.094772140000000005 0.84947242000000001 -0.091295299999999996 0.19822097 0.093807459999999995 -1.6795752500000001 0 0 0
 -0.10461202999999999 0.92555233999999997 -0.15753533 -0.030603640000000001 0.20420958 -1.5611527599999999 0 0 0
 -0.14622052999999999 0.91911686000000004 -0.10949135 -0.15690936 0.13967363999999999 -1.37031109 0 0 0
 -0.17574298999999999 0.82532373999999997 0.01382423 -0.29415047 -0.048913020000000001 -1.0444833200000001 0 0 0
 -0.14595981 0.76404934000000002 0.045315460000000002 -0.22239543000000001 -0.078946299999999997 -1.08620508 0 0 0
 -0.17045237999999999 0.82947651 0.0043808600000000003 -0.22167851 -0.016589409999999999 -1.1492788899999999 0 0 0
 -0.10253782 0.81668636999999999 -0.05074356 -0.23635898 0.039324249999999998 -1.1905120899999999 0 0 0
 -0.10673094 0.82220866999999997 -0.052072760000000003 -0.23171433 0.042818679999999998 -1.19865116 0 0 0
 -0.10519390000000001 0.82349600999999994 -0.054897130000000002 -0.23359220999999999 0.04622921 -1.20018381 0 0 0
 -0.10495345 0.82268348000000002 -0.05432505 -0.23262379 0.045396289999999999 -1.20031932 0 0 0
 -0.10526405 0.82277866 -0.054109619999999997 -0.23268142 0.04518544 -1.2000508400000001 0 0 0
 -0.10526405 0.82277866 -0.054109619999999997 -0.23268142 0.04518544 -1.2000508400000001 0 0 0


# name: distOH1
# type: matrix
# rows: 13
# columns: 1
 0.94999998429479648
 0.94999998429479648
 1.056586900119562
 1.1058504557222066
 1.0306677470433405
 0.92124606158261513
 1.0207444949621045
 0.9596740877945954
 0.9686574072429387
 0.96993039751655608
 0.96840355161628333
 0.96874829727355061
 0.96874829727355061


# name: distOH2
# type: matrix
# rows: 13
# columns: 1
 1.8777994387747257
 1.8777994387747257
 1.5314638371230525
 1.2139574914429521
 0.7739089847570263
 0.88473348548966735
 0.94393279781192152
 0.95555784895087315
 0.96848043338591061
 0.96789931618066194
 0.96901902647395977
 0.96872099722250338
 0.96872099722250338


# name: energias
# type: matrix
# rows: 1
# columns: 22
 -76.248246526068996 -76.263287147805997 -76.303474519565 -76.333835980065999 -76.364092226389999 -76.395093690899998 -76.340538590942003 -76.382006394865996 -76.387162400663996 -76.400012111479001 -76.401841017934004 -76.408185887911003 -76.408714363650006 -76.408942139898997 -76.408949458878993 -76.408951984031006 -76.408951984031006 -76.408954320511995 -76.408954320511995 -76.408954529976995 -76.408954529976995 -76.408954529582005


# name: gradientes
# type: matrix
# rows: 1
# columns: 11
 0.12059960861876791 0.15148983649737033 0.17105545098593028 0.5621264157696203 0.17520859413282214 0.083250602388210984 0.020656843853793346 0.0013589676228667111 0.0021861731404442786 0.00065962413539833429 4.5727453460694712e-05


